# timestamp x y z qw qx qy qz
0.000000 0.000000 0.000000 0.000000 1.000000 0.000000 0.000000 0.000000
1.000000 0.018959 -0.012604 0.148108 0.999740 -0.011080 0.019704 0.003002
2.000000 0.016414 0.016784 0.168071 0.999281 -0.020990 0.031163 0.005011
3.000000 -0.036410 0.042545 -0.007804 0.999822 -0.002183 0.017305 -0.007176
4.000000 -0.129671 -0.071356 -0.260112 0.999024 -0.042262 0.001708 -0.012701
5.000000 -0.235772 -0.249174 -0.374988 0.993981 -0.109164 0.008047 -0.004584
6.000000 -0.326616 -0.336749 -0.377693 0.987719 -0.152774 0.032571 0.003246
7.000000 -0.263207 -0.287390 -0.309168 0.989627 -0.135148 0.048686 0.001602
8.000000 -0.095221 -0.117760 -0.128293 0.998222 -0.041115 0.036905 -0.022381
9.000000 0.045787 -0.008085 0.092210 0.999909 0.010186 -0.000576 -0.008832
10.000000 0.067343 0.039394 0.283431 0.999814 0.016668 -0.008383 0.004864
11.000000 0.039913 0.024234 0.441910 0.999919 0.009465 0.006516 0.005462
12.000000 0.022819 0.010218 0.662348 0.999870 0.007732 0.013911 0.002433
13.000000 0.034518 0.025213 0.838167 0.999819 0.011676 0.014600 0.003609
14.000000 0.035875 0.022884 0.736046 0.999520 0.023378 0.019414 0.005963
15.000000 0.025160 0.013852 0.379645 0.999788 0.012957 0.015437 0.004246
16.000000 0.027467 -0.004588 0.032021 0.999874 -0.006474 0.014405 0.001667
17.000000 0.007017 -0.068154 -0.183076 0.999199 -0.039115 0.007903 0.003090
18.000000 -0.040871 -0.146698 -0.237672 0.998408 -0.056299 -0.001207 -0.003162
19.000000 -0.086183 -0.211173 -0.272643 0.997254 -0.071927 -0.011009 -0.013754
20.000000 -0.025429 -0.071353 0.083699 0.999771 -0.019398 0.005347 -0.007301
21.000000 -0.132786 -0.037042 -0.011313 0.999914 -0.002170 -0.005791 0.011546
22.000000 -0.284233 -0.120374 -0.227617 0.998746 -0.042632 0.016665 0.020282
23.000000 -0.066686 -0.064747 0.065477 0.999092 -0.037204 0.018918 0.008556
24.000000 0.033372 0.047607 0.019887 0.999962 -0.008427 0.000103 -0.002228
25.000000 0.072859 0.083279 0.033665 0.999750 0.005636 -0.019397 -0.009587
26.000000 0.014495 0.004387 0.054720 0.999842 0.016928 0.001962 -0.005052
27.000000 0.012984 -0.039274 0.324452 0.999923 0.006122 0.010088 0.003774
28.000000 0.010658 0.019361 0.611596 0.999724 0.003195 0.021785 0.008214
29.000000 0.019061 0.053830 0.829520 0.999603 0.006805 0.026373 0.007246
30.000000 0.050899 0.017943 0.806331 0.999568 0.018930 0.022462 0.001330
31.000000 0.031339 0.007308 0.429770 0.999780 0.013906 0.015703 -0.000094
32.000000 0.008684 0.004275 0.037465 0.999929 0.001905 0.011737 0.001017
33.000000 -0.092500 -0.079364 -0.409453 0.998724 -0.049874 0.007804 -0.001413
34.000000 -0.088484 -0.258631 -0.550679 0.989098 -0.142228 -0.036230 -0.012032
35.000000 -0.097665 -0.300896 -0.519158 0.984478 -0.165949 -0.049575 -0.028405
36.000000 0.004309 -0.159701 -0.264342 0.994855 -0.055026 -0.063968 -0.056067
37.000000 0.019319 -0.096937 -0.044980 0.999073 -0.002727 0.017599 -0.039200
38.000000 -0.000040 -0.020831 0.168636 0.998942 0.003263 0.045660 0.004337
39.000000 -0.030335 0.027571 0.297576 0.999310 -0.003584 0.032615 0.017398
40.000000 0.004104 0.057211 0.488902 0.999892 0.005555 -0.009653 0.009610
41.000000 0.043813 0.036939 0.664163 0.999835 0.010989 -0.014494 -0.000317
42.000000 0.035822 -0.025141 0.744087 0.999784 0.018954 0.007190 -0.004679
43.000000 0.032900 0.002050 0.689251 0.999687 0.012622 0.021381 0.003102
44.000000 0.014508 0.042582 0.413511 0.999528 0.003074 0.029797 0.006855
45.000000 0.022069 0.016270 0.079091 0.999790 -0.010667 0.016991 0.004176
46.000000 0.019022 -0.066364 -0.192269 0.999356 -0.035880 0.000925 -0.000232
47.000000 -0.007674 -0.112060 -0.314239 0.998702 -0.050098 -0.009050 0.001615
48.000000 -0.046216 -0.190167 -0.395175 0.996453 -0.082442 -0.015731 0.006042
49.000000 -0.053999 -0.264649 -0.430797 0.992711 -0.114338 -0.037342 0.007592
50.000000 -0.065613 -0.296848 -0.401181 0.990864 -0.124192 -0.052269 0.005705
51.000000 -0.119012 -0.157485 -0.208258 0.997822 -0.063641 0.017373 -0.000170
52.000000 -0.047202 0.021430 0.071322 0.999074 0.013681 0.040279 -0.006439
53.000000 0.007061 0.061542 0.266210 0.998581 0.030730 0.043223 -0.004835
54.000000 0.043611 0.030637 0.365751 0.999810 0.012001 0.014707 0.004346
55.000000 0.038335 0.008661 0.496204 0.999969 -0.004622 -0.001711 0.006141
56.000000 0.027370 0.041958 0.678140 0.999957 0.001276 -0.001019 0.009090
57.000000 0.021692 0.081000 0.799202 0.999848 0.011235 0.007232 0.011179
58.000000 0.029472 0.036360 0.585622 0.999302 0.018134 0.032410 0.003960
59.000000 -0.002070 -0.009056 0.150436 0.998829 0.012677 0.046668 -0.001616
60.000000 -0.075803 -0.047115 -0.212958 0.998665 -0.005012 0.051243 -0.004171
61.000000 -0.007706 -0.161991 -0.397165 0.998474 -0.054534 -0.005502 -0.006804
62.000000 0.053786 -0.401826 -0.476318 0.986890 -0.150088 -0.059342 -0.000584
63.000000 0.055608 -0.446916 -0.407476 0.981719 -0.173465 -0.077431 0.011922
64.000000 0.036309 -0.182455 -0.278281 0.994730 -0.084267 -0.057657 -0.009302
65.000000 0.026027 0.072711 0.044282 0.999619 0.017999 0.007202 -0.019658
66.000000 -0.013469 0.060325 0.219248 0.997978 0.035378 0.051606 -0.011205
67.000000 -0.015552 0.019519 0.358204 0.998640 0.012540 0.050318 0.005360
68.000000 -0.025231 -0.065790 0.039248 0.999296 -0.024564 -0.027508 0.006879
